
FILE 2026-09-06_10.40.14.csv
Missing time rows 0
idle stats        Time     RPM  TPS  IAC value  Idle Target RPM   MAP    PW  Advance _Current  Battery V  DFCO  Sync Loss #  Sync status   CLT
0.0    0.00   638.0  0.0       20.0           1050.0  37.0  2.62              13.0       13.2   0.0         11.0          2.0  66.0
0.1   11.28   904.0  0.0       28.0           1050.0  39.0  2.73              13.0       13.9   0.0         11.0          2.0  66.0
0.5   56.93  1062.0  0.0       53.0           1050.0  42.5  2.90              13.0       14.0   0.0         11.0          2.0  66.0
0.9  103.93  1132.0  0.0       79.9           1050.0  56.0  3.54              14.0       14.0   0.0         11.0          2.0  66.0
1.0  115.27  1420.0  0.0      100.0           1050.0  89.0  5.08              16.0       14.1   0.0         11.0          2.0  66.0
idle saturated % 2.8621495327102804
STOP EVENTS 0
SYNC INCREASES 0
Empty DataFrame
Columns: [Time, RPM, TPS, IAC value, Idle Target RPM, MAP, PW, Advance _Current, Battery V, DFCO, Sync Loss #, Sync status, CLT]
Index: []
10 SEC CLOSED THROTTLE WINDOWS
10 rpm 638.0 1094.0 iac 46.0 100.0 volt 13.200000196695328 14.000000208616257 pw 2.73 4.43
70 rpm 696.0 1180.0 iac 47.0 100.0 volt 13.500000201165676 14.100000210106373 pw 2.73 4.28
100 rpm 672.0 1143.0 iac 20.0 83.0 volt 13.40000019967556 14.000000208616257 pw 2.73 4.13

FILE 2026-09-06_18.55.07.csv
Missing time rows 1
idle stats         Time     RPM  TPS  IAC value  Idle Target RPM    MAP    PW  Advance _Current  Battery V  DFCO  Sync Loss #  Sync status   CLT
0.0     0.01   503.0  0.0       34.0           1000.0   23.0  1.91              10.0        1.4   0.0          1.0          0.0  60.0
0.1  1271.39   865.0  0.0       49.0           1000.0   35.0  2.50              13.0       12.8   0.0          1.0          2.0  62.0
0.5  1888.25   997.0  0.0       64.0           1000.0   40.0  2.74              13.0       13.5   0.0         47.0          2.0  66.0
0.9  2685.97  1082.0  0.0       90.0           1000.0   55.0  3.43              14.0       13.6   0.0         62.0          2.0  77.0
1.0  3528.27  1500.0  0.0      100.0           1000.0  114.0  6.40              16.0       13.7   0.0         62.0          2.0  83.0
idle saturated % 8.531100478468899
STOP EVENTS 7
STOP 1269.2640380859375
   Time    RPM  TPS  IAC value  Idle Target RPM  MAP   PW  Advance _Current  Battery V  DFCO  Sync Loss #  Sync status  CLT
1265.33  901.0  0.0       90.0           1000.0 57.0 3.53              14.0       12.7   0.0         47.0          2.0 65.0
1265.80  910.0  0.0       90.0           1000.0 56.0 3.50              13.0       12.8   0.0         47.0          2.0 65.0
1266.26 1010.0  6.0       42.0           1000.0 77.0 4.30              16.0       12.8   0.0         47.0          2.0 65.0
1266.73 1261.0  7.5       34.0           1000.0 74.0 4.16              16.0       13.0   0.0         47.0          2.0 65.0
1267.20 1246.0  5.0       34.0           1000.0 59.0 3.59              15.0       13.3   0.0         47.0          2.0 65.0
1267.67  876.0  0.0       34.0           1000.0 38.0 2.66              13.0       13.2   0.0         47.0          2.0 65.0
1268.13  547.0  0.0       86.0           1000.0 61.0 3.71              13.0       12.9   0.0         47.0          2.0 65.0
1268.60  777.0  0.0       90.0           1000.0 91.0 5.08              14.0       12.5   0.0         48.0          2.0 65.0
1269.06  422.0  0.0       90.0           1000.0 91.0 5.08              16.0       12.4   0.0         49.0          2.0 65.0
1269.53    0.0  0.0        0.0           1000.0 91.0 0.00              13.0       12.5   0.0         50.0          0.0 65.0
1270.00    0.0  0.0        0.0           1000.0 80.0 0.00              13.0       11.5   0.0         51.0          2.0 65.0
STOP 1419.3360595703125
   Time    RPM  TPS  IAC value  Idle Target RPM  MAP   PW  Advance _Current  Battery V  DFCO  Sync Loss #  Sync status  CLT
1415.40 1012.0  0.0       68.0           1000.0 42.0 2.84              13.0       13.6   0.0         51.0          2.0 65.0
1415.87 1009.0  0.0       67.0           1000.0 42.0 2.84              13.0       13.6   0.0         51.0          2.0 65.0
1416.34  996.0  0.0       68.0           1000.0 42.0 2.84              13.0       13.6   0.0         51.0          2.0 65.0
1416.81 1000.0  0.0       70.0           1000.0 42.0 2.84              13.0       13.6   0.0         51.0          2.0 65.0
1417.27 1007.0  0.0       68.0           1000.0 42.0 2.84              13.0       13.6   0.0         51.0          2.0 65.0
1417.73  890.0  0.0       68.0           1000.0 46.0 3.02              14.0       13.5   0.0         51.0          2.0 65.0
1418.20  592.0  0.0       90.0           1000.0 68.0 4.03              16.0       12.9   0.0         51.0          2.0 65.0
1418.67  569.0  0.0       90.0           1000.0 89.0 5.00              16.0       12.6   0.0         52.0          0.0 65.0
1419.14  556.0  0.0       90.0           1000.0 92.0 5.15              16.0       12.4   0.0         54.0          2.0 65.0
1419.60    0.0  0.0        0.0           1000.0 92.0 0.00              13.0       12.6   0.0         55.0          0.0 65.0
1420.07    0.0  0.0        0.0           1000.0 92.0 0.00              13.0       12.7   0.0         55.0          0.0 65.0
STOP 1650.81201171875
   Time    RPM  TPS  IAC value  Idle Target RPM  MAP   PW  Advance _Current  Battery V  DFCO  Sync Loss #  Sync status  CLT
1646.81 1008.0  0.0       64.0           1000.0 40.0 2.72              13.0       13.6   0.0         59.0          2.0 64.0
1647.28  996.0  0.0       66.0           1000.0 40.0 2.72              13.0       13.6   0.0         59.0          2.0 64.0
1647.74 1012.0  0.0       64.0           1000.0 41.0 2.76              13.0       13.6   0.0         59.0          2.0 64.0
1648.21 1010.0  0.0       65.0           1000.0 40.0 2.72              13.0       13.6   0.0         59.0          2.0 64.0
1648.68 1016.0  0.0       64.0           1000.0 40.0 2.72              13.0       13.6   0.0         59.0          2.0 64.0
1649.14  999.0  0.0       63.0           1000.0 40.0 2.72              13.0       13.6   0.0         59.0          2.0 64.0
1649.61  763.0  0.0       76.0           1000.0 49.0 3.15              14.0       13.5   0.0         59.0          2.0 64.0
1650.08  568.0  0.0       90.0           1000.0 69.0 4.05              16.0       13.0   0.0         59.0          2.0 64.0
1650.55  408.0  0.0       90.0           1000.0 97.0 5.33              16.0       12.7   0.0         60.0          2.0 64.0
1651.01    0.0  0.0        0.0           1000.0 91.0 0.00              13.0       12.8   0.0         61.0          2.0 64.0
1651.48    0.0  0.0        0.0           1000.0 91.0 0.00              13.0       12.8   0.0         61.0          0.0 64.0
STOP 2201.469970703125
   Time  RPM  TPS  IAC value  Idle Target RPM  MAP  PW  Advance _Current  Battery V  DFCO  Sync Loss #  Sync status  CLT
2201.47  0.0  0.0        0.0              0.0 93.0 0.0              13.0       12.5   0.0          0.0          0.0 82.0
2201.55  0.0  0.0        0.0              0.0 93.0 0.0              13.0       12.5   0.0          0.0          0.0 82.0
2201.63  0.0  0.0        0.0           1000.0 93.0 0.0              12.0       12.5   0.0          0.0          0.0 82.0
2201.72  0.0  0.0        0.0           1000.0 93.0 0.0              12.0       12.5   0.0          0.0          0.0 82.0
2201.80  0.0  0.0        0.0           1000.0 93.0 0.0              12.0       12.5   0.0          0.0          0.0 82.0
2201.88  0.0  0.0        0.0           1000.0 93.0 0.0              12.0       12.5   0.0          0.0          0.0 82.0
2201.96  0.0  0.0        0.0           1000.0 93.0 0.0              13.0       12.5   0.0          0.0          0.0 82.0
2202.04  0.0  0.0        0.0           1000.0 93.0 0.0              13.0       12.5   0.0          0.0          0.0 82.0
2202.13  0.0  0.0        0.0           1000.0 93.0 0.0              13.0       12.5   0.0          0.0          0.0 82.0
2202.21  0.0  0.0        0.0           1000.0 93.0 0.0              13.0       12.5   0.0          0.0          0.0 82.0
2202.29  0.0  0.0        0.0           1000.0 93.0 0.0              13.0       12.5   0.0          0.0          0.0 82.0
2202.37  0.0  0.0        0.0           1000.0 93.0 0.0              13.0       12.5   0.0          0.0          0.0 82.0
2202.45  0.0  0.0        0.0           1000.0 93.0 0.0              13.0       12.5   0.0          0.0          0.0 82.0
STOP 2369.77587890625
   Time    RPM  TPS  IAC value  Idle Target RPM  MAP   PW  Advance _Current  Battery V  DFCO  Sync Loss #  Sync status  CLT
2365.78  991.0  0.0       66.0           1000.0 40.0 2.71              13.0       13.6   0.0          1.0          2.0 74.0
2366.24 1010.0  0.0       64.0           1000.0 40.0 2.71              13.0       13.6   0.0          1.0          2.0 74.0
2366.71 1010.0  0.0       64.0           1000.0 40.0 2.71              13.0       13.6   0.0          1.0          2.0 74.0
2367.18 1000.0  0.0       64.0           1000.0 40.0 2.71              13.0       13.6   0.0          1.0          2.0 74.0
2367.64  997.0  0.0       66.0           1000.0 40.0 2.71              13.0       13.6   0.0          1.0          2.0 73.0
2368.11 1017.0  0.0       62.0           1000.0 40.0 2.71              13.0       13.6   0.0          1.0          2.0 73.0
2368.58 1015.0  0.0       63.0           1000.0 39.0 2.67              13.0       13.6   0.0          1.0          2.0 73.0
2369.04  803.0  0.0       90.0           1000.0 62.0 4.05              14.0        4.4   0.0          1.0          2.0 73.0
2369.51  625.0  0.0       90.0           1000.0 93.0 5.46              16.0        1.4   0.0          1.0          2.0 73.0
2369.98    0.0  0.0        0.0           1000.0 93.0 0.00              13.0        0.9   0.0          1.0          0.0 73.0
2370.44    0.0  0.0        0.0           1000.0 93.0 0.00              13.0        0.2   0.0          1.0          0.0 73.0
STOP 2513.43798828125
   Time    RPM  TPS  IAC value  Idle Target RPM  MAP   PW  Advance _Current  Battery V  DFCO  Sync Loss #  Sync status  CLT
2509.49 1020.0  0.0       66.0           1000.0 40.0 2.68              13.0       13.5   0.0          4.0          2.0 70.0
2509.62 1034.0  0.0       64.0           1000.0 40.0 2.68              13.0       13.6   0.0          4.0          2.0 70.0
2509.76 1024.0  0.0       64.0           1000.0 40.0 2.68              13.0       13.6   0.0          4.0          2.0 70.0
2509.89 1030.0  0.0       64.0           1000.0 40.0 2.68              13.0       13.6   0.0          4.0          2.0 70.0
2513.44    0.0  0.0        0.0           1000.0 91.0 0.00              13.0       12.6   0.0          0.0          0.0 70.0
2513.59    0.0  0.0        0.0           1000.0 91.0 0.00              13.0       12.6   0.0          0.0          2.0 70.0
2513.73    0.0  0.0        0.0           1000.0 91.0 0.00              13.0       11.9   0.0          1.0          2.0 70.0
2513.86    0.0  0.0        0.0           1000.0 90.0 0.00              13.0       11.9   0.0          1.0          2.0 70.0
2513.99    0.0  0.0        0.0           1000.0 89.0 0.00              13.0       11.6   0.0          1.0          2.0 70.0
2514.12    0.0  0.0        0.0           1000.0 85.0 0.00              13.0       11.6   0.0          2.0          2.0 70.0
2514.26    0.0  0.0        0.0           1000.0 85.0 0.00              13.0       11.5   0.0          2.0          2.0 70.0
2514.39    0.0  0.0        0.0           1000.0 88.0 0.00              13.0       11.5   0.0          2.0          2.0 70.0
STOP 3406.12890625
   Time   RPM  TPS  IAC value  Idle Target RPM  MAP   PW  Advance _Current  Battery V  DFCO  Sync Loss #  Sync status  CLT
3402.13 830.0  0.0       55.0           1000.0 39.0 2.63              14.0       13.0   0.0          4.0          2.0 70.0
3402.60 797.0  0.0       64.0           1000.0 45.0 2.90              14.0       12.9   0.0          4.0          2.0 70.0
3403.06 788.0  0.0       67.0           1000.0 49.0 3.07              14.0       12.9   0.0          4.0          2.0 70.0
3403.53 818.0  0.0       75.0           1000.0 51.0 3.14              14.0       12.8   0.0          4.0          2.0 70.0
3404.00 610.0  0.0       94.0           1000.0 61.0 3.58              16.0       12.7   0.0          4.0          2.0 70.0
3404.46 579.0  0.0      100.0           1000.0 68.0 3.90              16.0       12.5   0.0          4.0          2.0 70.0
3404.93 530.0  0.0      100.0           1000.0 87.0 4.72              16.0       12.4   0.0          5.0          2.0 70.0
3405.40 618.0  0.0       78.0           1000.0 90.0 4.86              16.0       12.2   0.0          8.0          2.0 70.0
3405.86 382.0  0.0      100.0           1000.0 91.0 4.89              16.0       12.2   0.0         10.0          2.0 70.0
3406.33   0.0  0.0        0.0           1000.0 91.0 0.00              13.0       12.3   0.0         11.0          0.0 70.0
3406.80   0.0  0.0        0.0           1000.0 91.0 0.00              13.0       12.5   0.0         12.0          2.0 70.0
SYNC INCREASES 33
   Time   RPM  TPS  IAC value  Idle Target RPM  MAP   PW  Advance _Current  Battery V  DFCO  Sync Loss #  Sync status  CLT
1268.46 337.0  0.0       90.0           1000.0 92.0 5.15              16.0       12.5   0.0         48.0          0.0 65.0
1268.80 422.0  0.0       76.0           1000.0 91.0 5.08              16.0       12.4   0.0         49.0          2.0 65.0
1269.13 422.0  0.0       90.0           1000.0 91.0 5.08              16.0       12.4   0.0         50.0          0.0 65.0
1269.66   0.0  0.0        0.0           1000.0 91.0 0.00              13.0       12.5   0.0         51.0          0.0 65.0
1418.67 569.0  0.0       90.0           1000.0 89.0 5.00              16.0       12.6   0.0         52.0          0.0 65.0
1418.80 350.0  0.0       90.0           1000.0 91.0 5.00              16.0       12.6   0.0         53.0          0.0 65.0
1419.07 556.0  0.0       90.0           1000.0 92.0 5.15              16.0       12.5   0.0         54.0          2.0 65.0
1419.27 556.0  0.0       90.0           1000.0 92.0 5.15              16.0       12.4   0.0         55.0          0.0 65.0
1430.33   0.0  0.0        0.0           1000.0 90.0 0.00              13.0       11.0   0.0         56.0          0.0 65.0
1430.94   0.0  0.0        0.0           1000.0 87.0 0.00              13.0       10.8   0.0         57.0          2.0 65.0
1431.47 466.0  0.0       90.0           1000.0 85.0 6.55              13.0       10.8   0.0         58.0          0.0 65.0
1431.67 637.0  0.0       90.0           1000.0 76.0 5.93              16.0       10.8   0.0         59.0          2.0 65.0
1650.48 448.0  0.0       90.0           1000.0 98.0 5.65              16.0       12.8   0.0         60.0          0.0 64.0
1650.75 408.0  0.0       90.0           1000.0 91.0 5.04              16.0       12.7   0.0         61.0          0.0 64.0
1660.81   0.0  0.0        0.0           1000.0 87.0 0.00              13.0       11.0   0.0         62.0          2.0 64.0
2275.54   0.0  0.0        0.0           1000.0 87.0 0.00              13.0       11.4   0.0          1.0          0.0 83.0
2378.59   0.0  0.0        0.0           1000.0 91.0 0.00              13.0       12.8   0.0          1.0          2.0 72.0
2379.12   0.0  0.0        0.0           1000.0 86.0 0.00              13.0       11.6   0.0          2.0          0.0 72.0
2379.73 857.0  0.0       90.0           1000.0 85.0 6.08              13.0       11.1   0.0          3.0          2.0 72.0
2379.99 455.0  0.0       90.0           1000.0 81.0 5.81              13.0       11.1   0.0          4.0          2.0 72.0
2513.66   0.0  0.0        0.0           1000.0 91.0 0.00              13.0       12.6   0.0          1.0          2.0 70.0
2514.06   0.0  0.0        0.0           1000.0 87.0 0.00              13.0       11.6   0.0          2.0          0.0 70.0
2515.06 852.0  0.0       52.0           1000.0 86.0 6.28              13.0       11.1   0.0          3.0          2.0 70.0
2515.33 506.0  0.0      100.0           1000.0 79.0 5.82              13.0       11.1   0.0          4.0          2.0 70.0
3404.86 530.0  0.0      100.0           1000.0 88.0 4.79              16.0       12.4   0.0          5.0          2.0 70.0
3405.00 904.0  0.0      100.0           1000.0 95.0 5.09              14.0       12.4   0.0          6.0          2.0 70.0
3405.13 907.0  0.0       78.0           1000.0 92.0 4.96              14.0       12.3   0.0          7.0          2.0 70.0
3405.26 907.0  0.0       78.0           1000.0 90.0 4.86              14.0       12.3   0.0          8.0          0.0 70.0
3405.46 618.0  0.0      100.0           1000.0 91.0 4.89              16.0       12.2   0.0          9.0          0.0 70.0
3405.80 545.0  0.0      100.0           1000.0 91.0 4.89              16.0       12.2   0.0         10.0          0.0 70.0
3406.06 382.0  0.0      100.0           1000.0 91.0 4.89              16.0       12.2   0.0         11.0          0.0 70.0
3406.80   0.0  0.0        0.0           1000.0 91.0 0.00              13.0       12.5   0.0         12.0          2.0 70.0
3407.00   0.0  0.0        0.0           1000.0 89.0 0.00              13.0       11.8   0.0         13.0          0.0 70.0
10 SEC CLOSED THROTTLE WINDOWS
1030 rpm 503.0 988.0 iac 50.0 90.0 volt 12.500000186264517 13.40000019967556 pw 2.58 4.23
1250 rpm 560.0 1031.0 iac 66.0 90.0 volt 12.700000189244747 13.500000201165676 pw 2.86 4.05
1640 rpm 658.0 1094.0 iac 63.0 90.0 volt 13.200000196695328 13.600000202655792 pw 2.69 3.89
2540 rpm 856.0 1284.0 iac 58.0 100.0 volt 13.40000019967556 13.600000202655792 pw 2.62 3.53
2550 rpm 652.0 1120.0 iac 58.0 100.0 volt 13.100000195205212 13.600000202655792 pw 2.48 3.5
2610 rpm 895.0 1313.0 iac 53.0 100.0 volt 13.40000019967556 13.500000201165676 pw 2.41 3.29
2640 rpm 900.0 1310.0 iac 54.0 100.0 volt 13.40000019967556 13.500000201165676 pw 2.41 3.37
2710 rpm 816.0 1368.0 iac 34.0 77.0 volt 12.90000019222498 13.500000201165676 pw 2.12 3.14
2720 rpm 538.0 1060.0 iac 61.0 100.0 volt 12.600000187754633 13.500000201165676 pw 2.64 4.15
